c This graph is a subgraph of ../dataset/USA-road-t.NY.gr
p sp 1000 2438
a 6190 6191 21937
a 6191 6190 21937
a 555 577 8047
a 577 555 8047
a 6191 578 6352
a 578 6191 6352
a 3389 6206 685
a 6206 3389 685
a 6191 6202 5553
a 6202 6191 5553
a 6364 6365 1210
a 6365 6364 1210
a 1064 1062 1686
a 1062 1064 1686
a 6370 4022 3311
a 4022 6370 3311
a 780 6379 2184
a 6379 780 2184
a 808 810 907
a 810 808 907
a 6380 1011 960
a 1011 6380 960
a 1020 6380 2489
a 6380 1020 2489
a 1081 6381 1923
a 6381 1081 1923
a 6382 6383 1932
a 6383 6382 1932
a 3441 1169 3939
a 1169 3441 3939
a 3439 1170 584
a 1170 3439 584
a 1144 1136 3135
a 1136 1144 3135
a 1268 1284 2129
a 1284 1268 2129
a 1288 1279 4627
a 1279 1288 4627
a 1459 1448 6297
a 1448 1459 6297
a 1394 1383 3383
a 1383 1394 3383
a 1405 1402 3763
a 1402 1405 3763
a 1408 1370 3055
a 1370 1408 3055
a 6384 3382 4843
a 3382 6384 4843
a 612 6384 1263
a 6384 612 1263
a 929 927 478
a 927 929 478
a 3492 3490 1449
a 3490 3492 1449
a 3593 3586 2934
a 3586 3593 2934
a 6397 3662 2401
a 3662 6397 2401
a 3666 6397 2001
a 6397 3666 2001
a 3388 6408 636
a 6408 3388 636
a 729 726 1003
a 726 729 1003
a 729 6412 1233
a 6412 729 1233
a 809 6413 1873
a 6413 809 1873
a 1045 1042 3712
a 1042 1045 3712
a 1045 6414 4816
a 6414 1045 4816
a 1047 1044 1988
a 1044 1047 1988
a 1047 6415 3674
a 6415 1047 3674
a 1114 1109 2828
a 1109 1114 2828
a 1114 6416 2495
a 6416 1114 2495
a 4022 3984 3596
a 3984 4022 3596
a 3557 6426 5099
a 6426 3557 5099
a 1407 1406 1534
a 1406 1407 1534
a 1407 6427 1751
a 6427 1407 1751
a 3677 3672 1078
a 3672 3677 1078
a 929 6428 2950
a 6428 929 2950
a 3677 3701 2376
a 3701 3677 2376
a 1334 6431 3500
a 6431 1334 3500
a 1334 6432 2305
a 6432 1334 2305
a 3984 6435 2970
a 6435 3984 2970
a 6435 6365 268
a 6365 6435 268
a 6435 6436 3299
a 6436 6435 3299
a 6437 4021 2702
a 4021 6437 2702
a 4021 6364 6580
a 6364 4021 6580
a 1043 6446 9914
a 6446 1043 9914
a 3462 3459 2388
a 3459 3462 2388
a 3462 6448 1635
a 6448 3462 1635
a 6453 6382 1686
a 6382 6453 1686
a 1200 6382 1904
a 6382 1200 1904
a 6456 6457 3908
a 6457 6456 3908
a 3529 3528 2685
a 3528 3529 2685
a 3529 3530 1144
a 3530 3529 1144
a 3616 6456 2341
a 6456 3616 2341
a 3616 6460 4383
a 6460 3616 4383
a 3603 3592 3244
a 3592 3603 3244
a 3603 6461 1539
a 6461 3603 1539
a 6461 6462 8452
a 6462 6461 8452
a 3696 6469 628
a 6469 3696 628
a 707 717 1702
a 717 707 1702
a 6495 3435 1252
a 3435 6495 1252
a 6505 1071 4953
a 1071 6505 4953
a 595 593 2870
a 593 595 2870
a 3558 3551 2265
a 3480 3562 2983
a 3562 3480 2983
a 3518 3515 1791
a 3515 3518 1791
a 3517 3518 3005
a 3518 3517 3005
a 3517 1412 2320
a 1412 3517 2320
a 1416 3582 1389
a 3582 1416 1389
a 1414 3517 2509
a 3517 1414 2509
a 1414 1416 2637
a 1416 1414 2637
a 1410 3583 1451
a 3583 1410 1451
a 1421 3584 2223
a 3584 1421 2223
a 3584 3585 3612
a 3585 3584 3612
a 3586 3584 2094
a 3584 3586 2094
a 3587 3585 2303
a 3585 3587 2303
a 3585 3588 4723
a 3588 3585 4723
a 3589 1421 3571
a 1421 3589 3571
a 3590 3589 833
a 3589 3590 833
a 3589 1410 2044
a 1410 3589 2044
a 3591 1410 1570
a 1410 3591 1570
a 3587 3586 3618
a 3586 3587 3618
a 3592 3593 2094
a 3593 3592 2094
a 3594 3587 2899
a 3587 3594 2899
a 3595 3525 5867
a 3525 3595 5867
a 3583 3526 3169
a 3526 3583 3169
a 3595 3526 2256
a 3526 3595 2256
a 3596 3595 1719
a 3595 3596 1719
a 3595 3597 1698
a 3597 3595 1698
a 3596 3598 2166
a 3598 3596 2166
a 3599 3596 1956
a 3596 3599 1956
a 3600 3591 2578
a 3591 3600 2578
a 3601 3591 1675
a 3591 3601 1675
a 3601 3599 556
a 3599 3601 556
a 3599 3602 1492
a 3602 3599 1492
a 3592 3601 3895
a 3601 3592 3895
a 3594 3603 3726
a 3603 3594 3726
a 3604 3594 4887
a 3594 3604 4887
a 3604 3605 2574
a 3605 3604 2574
a 1441 3604 7197
a 3604 1441 7197
a 3605 3606 653
a 3606 3605 653
a 1495 1441 5894
a 1441 1495 5894
a 3607 3608 6750
a 3608 3607 6750
a 3606 3609 2241
a 3609 3606 2241
a 3606 3610 5397
a 3610 3606 5397
a 3609 3607 1989
a 3607 3609 1989
a 3607 3613 4742
a 3613 3607 4742
a 3609 3613 3780
a 3613 3609 3780
a 3613 3614 1005
a 3614 3613 1005
a 3608 3615 5603
a 3615 3608 5603
a 3531 3616 2325
a 3616 3531 2325
a 3649 1495 2902
a 1495 3649 2902
a 1496 3649 4028
a 3649 1496 4028
a 3650 3649 2778
a 3649 3650 2778
a 3649 3651 3780
a 3651 3649 3780
a 1496 3650 1527
a 3650 1496 1527
a 3650 3652 2513
a 3652 3650 2513
a 3652 3653 2370
a 3653 3652 2370
a 3654 3652 6421
a 3652 3654 6421
a 3657 3655 2810
a 3655 3657 2810
a 3658 3657 4764
a 3657 3658 4764
a 1503 3659 2375
a 3659 1503 2375
a 1503 3654 1374
a 3654 1503 1374
a 3659 1504 933
a 1504 3659 933
a 3659 3660 2648
a 3660 3659 2648
a 3661 3653 5572
a 3653 3661 5572
a 3662 3661 687
a 3661 3662 687
a 3661 3663 1374
a 3663 3661 1374
a 3664 3663 3120
a 3663 3664 3120
a 3654 3662 1885
a 3662 3654 1885
a 3665 3666 2268
a 3666 3665 2268
a 3667 3664 4489
a 3664 3667 4489
a 3657 3669 1492
a 3669 3657 1492
a 3670 3671 3853
a 3671 3670 3853
a 3672 3671 2026
a 3671 3672 2026
a 3658 3670 1005
a 3670 3658 1005
a 3673 3670 6943
a 3670 3673 6943
a 3663 3674 1005
a 3674 3663 1005
a 3674 3658 933
a 3658 3674 933
a 3664 3675 838
a 3675 3664 838
a 3676 3677 205
a 3677 3676 205
a 3675 3673 5446
a 3673 3675 5446
a 1528 1527 1719
a 1527 1528 1719
a 1528 3665 2945
a 3665 1528 2945
a 1527 3678 833
a 3678 1527 833
a 3665 3667 1676
a 3667 3665 1676
a 3679 3667 4750
a 3667 3679 4750
a 3679 3680 2371
a 3680 3679 2371
a 3681 3679 3049
a 3679 3681 3049
a 3682 3681 4750
a 3681 3682 4750
a 3681 3683 1965
a 3683 3681 1965
a 3615 3692 348
a 3692 3615 348
a 3693 3692 1622
a 3692 3693 1622
a 3671 3615 2957
a 3615 3671 2957
a 3694 3693 4978
a 3693 3694 4978
a 3692 3695 1436
a 3695 3692 1436
a 3693 3696 1460
a 3696 3693 1460
a 3695 3551 385
a 3551 3695 385
a 3672 3694 6063
a 3694 3672 6063
a 3698 3694 3981
a 3694 3698 3981
a 3694 3699 1374
a 3699 3694 1374
a 3673 3701 1101
a 3701 3673 1101
a 3676 3698 5417
a 3698 3676 5417
a 3509 3507 1676
a 3507 3509 1676
a 1443 1387 5802
a 1387 1443 5802
a 1443 3984 3235
a 3984 1443 3235
a 4021 4022 3262
a 4022 4021 3262
a 1043 1034 5955
a 1034 1043 5955
a 1398 1386 556
a 1398 1399 5057
a 1399 1398 5057
a 1400 1386 1389
a 1386 1400 1389
a 1395 1396 2304
a 1396 1395 2304
a 1401 1218 4567
a 1218 1401 4567
a 1223 1218 2736
a 1218 1223 2736
a 1402 1401 3177
a 1401 1402 3177
a 1403 1401 4750
a 1401 1403 4750
a 1404 1405 478
a 1405 1404 478
a 1369 1403 5006
a 1403 1369 5006
a 1406 1403 3694
a 1403 1406 3694
a 1370 1407 2680
a 1407 1370 2680
a 1389 1408 6112
a 1408 1389 6112
a 1402 1223 6240
a 1223 1402 6240
a 1225 1223 3779
a 1223 1225 3779
a 1404 1409 2509
a 1409 1404 2509
a 1410 1404 9008
a 1404 1410 9008
a 1411 1225 2786
a 1225 1411 2786
a 1412 1225 3769
a 1225 1412 3769
a 1413 1411 2578
a 1411 1413 2578
a 1414 1411 6491
a 1411 1414 6491
a 1415 1413 933
a 1413 1415 933
a 1416 1413 6282
a 1413 1416 6282
a 1406 1417 2166
a 1417 1406 2166
a 1409 1418 1131
a 1418 1409 1131
a 1419 1409 2303
a 1409 1419 2303
a 1419 1420 1680
a 1420 1419 1680
a 1421 1419 2722
a 1419 1421 2722
a 1422 1423 1188
a 1423 1422 1188
a 1422 1424 5619
a 1424 1422 5619
a 1389 1425 1277
a 1425 1389 1277
a 1426 1427 5691
a 1427 1426 5691
a 1428 1397 3360
a 1397 1428 3360
a 1396 1428 2723
a 1428 1396 2723
a 1428 1429 2320
a 1429 1428 2320
a 1430 1399 1989
a 1399 1430 1989
a 1426 1397 1568
a 1397 1426 1568
a 1431 1426 1185
a 1426 1431 1185
a 1429 1431 4764
a 1431 1429 4764
a 1429 1432 503
a 1432 1429 503
a 1399 1433 2113
a 1433 1399 2113
a 1434 1422 11982
a 1422 1434 11982
a 1434 1431 2528
a 1431 1434 2528
a 1435 1434 1568
a 1434 1435 1568
a 1436 1435 1185
a 1435 1436 1185
a 1435 1437 7643
a 1437 1435 7643
a 1438 1436 2843
a 1436 1438 2843
a 1439 1436 8081
a 1436 1439 8081
a 1440 1438 6958
a 1438 1440 6958
a 1441 1438 3437
a 1438 1441 3437
a 1380 1332 5097
a 1332 1380 5097
a 1387 1380 3056
a 1380 1387 3056
a 1442 1443 483
a 1443 1442 483
a 1444 1442 1451
a 1442 1444 1451
a 1445 1444 6671
a 1444 1445 6671
a 1444 1446 3657
a 1446 1444 3657
a 1447 1445 1131
a 1445 1447 1131
a 1448 1447 5109
a 1447 1448 5109
a 1442 1449 5854
a 1449 1442 5854
a 1449 1450 1338
a 1450 1449 1338
a 1449 1451 1740
a 1451 1449 1740
a 1451 1430 5557
a 1430 1451 5557
a 1450 1452 2529
a 1452 1450 2529
a 1450 1446 5597
a 1446 1450 5597
a 1451 1400 1866
a 1400 1451 1866
a 1400 1430 4641
a 1430 1400 4641
a 1452 1304 5478
a 1304 1452 5478
a 1452 1453 4619
a 1453 1452 4619
a 1446 1454 3169
a 1454 1446 3169
a 1446 1304 3604
a 1304 1446 3604
a 1304 1455 3591
a 1455 1304 3591
a 1456 1445 7127
a 1445 1456 7127
a 1457 1456 2778
a 1456 1457 2778
a 1343 1458 5306
a 1458 1343 5306
a 1344 1459 1630
a 1459 1344 1630
a 1460 1448 2810
a 1448 1460 2810
a 1461 1460 3085
a 1460 1461 3085
a 1462 1461 1131
a 1461 1462 1131
a 1462 1348 6369
a 1348 1462 6369
a 1463 1462 1719
a 1462 1463 1719
a 1464 1465 1945
a 1465 1464 1945
a 1460 1465 1492
a 1465 1460 1492
a 1465 1466 933
a 1466 1465 933
a 1467 1457 2232
a 1457 1467 2232
a 1468 1467 1680
a 1467 1468 1680
a 1468 1464 3572
a 1464 1468 3572
a 1469 1468 1989
a 1468 1469 1989
a 1469 1466 2941
a 1466 1469 2941
a 1470 1469 1989
a 1469 1470 1989
a 1471 1470 1687
a 1470 1471 1687
a 1462 1472 2020
a 1472 1462 2020
a 1463 1473 1186
a 1473 1463 1186
a 1474 1463 11715
a 1463 1474 11715
a 1472 1471 1568
a 1471 1472 1568
a 1471 1475 2310
a 1475 1471 2310
a 1475 1473 2858
a 1473 1475 2858
a 1475 1476 2262
a 1476 1475 2262
a 1473 1476 2529
a 1476 1473 2529
a 1476 1477 2321
a 1477 1476 2321
a 1477 1478 1906
a 1478 1477 1906
a 1430 1479 2220
a 1479 1430 2220
a 1480 1481 1871
a 1481 1480 1871
a 1480 1453 3937
a 1453 1480 3937
a 1479 1480 3230
a 1480 1479 3230
a 1479 1482 1965
a 1482 1479 1965
a 1482 1483 2044
a 1483 1482 2044
a 1484 1483 1257
a 1483 1484 1257
a 1481 1482 3563
a 1482 1481 3563
a 1485 1481 4489
a 1481 1485 4489
a 1453 1486 1945
a 1486 1453 1945
a 1485 1487 2827
a 1487 1485 2827
a 1488 1485 9255
a 1485 1488 9255
a 1489 1490 696
a 1490 1489 696
a 1484 1491 2509
a 1491 1484 2509
a 1492 1484 4314
a 1484 1492 4314
a 1439 1493 838
a 1493 1439 838
a 1440 1439 2574
a 1439 1440 2574
a 1491 1489 4797
a 1489 1491 4797
a 1491 1489 4797
a 1489 1491 4797
a 1492 1494 933
a 1494 1492 933
a 1495 1440 2739
a 1440 1495 2739
a 1496 1492 4681
a 1492 1496 4681
a 1488 1496 4445
a 1496 1488 4445
a 1498 1456 9220
a 1456 1498 9220
a 1499 1498 2232
a 1498 1499 2232
a 1500 1499 687
a 1499 1500 687
a 1499 1501 5016
a 1501 1499 5016
a 1502 1488 3263
a 1488 1502 3263
a 1488 1503 1698
a 1503 1488 1698
a 1502 1498 3571
a 1498 1502 3571
a 1499 1502 4181
a 1502 1499 4181
a 1502 1504 2650
a 1504 1502 2650
a 1504 1505 859
a 1505 1504 859
a 1505 1501 2375
a 1501 1505 2375
a 1505 1506 3927
a 1506 1505 3927
a 1507 1467 6754
a 1467 1507 6754
a 1470 1508 4535
a 1508 1470 4535
a 1508 1509 3563
a 1509 1508 3563
a 1509 1477 5939
a 1477 1509 5939
a 1509 1510 1508
a 1510 1509 1508
a 1508 1507 3932
a 1507 1508 3932
a 1507 1511 3392
a 1511 1507 3392
a 1500 1457 8814
a 1457 1500 8814
a 1512 1500 2786
a 1500 1512 2786
a 1507 1512 2254
a 1512 1507 2254
a 1513 1512 2232
a 1512 1513 2232
a 1511 1509 2364
a 1509 1511 2364
a 1511 1514 1084
a 1514 1511 1084
a 1515 1513 1945
a 1513 1515 1945
a 1515 1516 1374
a 1516 1515 1374
a 1517 1515 1945
a 1515 1517 1945
a 1510 1478 5166
a 1478 1510 5166
a 1518 1519 5156
a 1519 1518 5156
a 1478 1518 2737
a 1518 1478 2737
a 1510 1519 1885
a 1519 1510 1885
a 1519 1517 1568
a 1517 1519 1568
a 1520 1517 5018
a 1517 1520 5018
a 1522 1523 2115
a 1523 1522 2115
a 1513 1524 2321
a 1524 1513 2321
a 1525 1524 4167
a 1524 1525 4167
a 1522 1526 1989
a 1526 1522 1989
a 1527 1522 3453
a 1522 1527 3453
a 1501 1522 1969
a 1522 1501 1969
a 1501 1528 2848
a 1528 1501 2848
a 1524 1526 1678
a 1526 1524 1678
a 1526 1529 933
a 1529 1526 933
a 1529 1530 3636
a 1530 1529 3636
a 1529 1531 2304
a 1531 1529 2304
a 1517 1525 2306
a 1525 1517 2306
a 1530 1525 1699
a 1525 1530 1699
a 1532 1520 2856
a 1520 1532 2856
a 1533 1530 4727
a 1530 1533 4727
a 1520 1533 3772
a 1533 1520 3772
a 1533 1536 419
a 1536 1533 419
a 2990 1352 1374
a 1352 2990 1374
a 1352 2992 6217
a 2992 1352 6217
a 2992 3136 1537
a 3136 2992 1537
a 2992 1474 1659
a 1474 2992 1659
a 3136 3137 283
a 3137 3136 283
a 3138 3137 859
a 3137 3138 859
a 3137 1474 1044
a 1474 3137 1044
a 3382 3383 921
a 3383 3382 921
a 3384 3385 4638
a 3385 3384 4638
a 3386 3384 1250
a 3384 3386 1250
a 3387 3384 2786
a 3384 3387 2786
a 614 3387 5616
a 3387 614 5616
a 3387 3388 1786
a 3388 3387 1786
a 615 3389 6251
a 3389 615 6251
a 3393 3392 859
a 3392 3393 859
a 3383 3393 3183
a 3393 3383 3183
a 3394 3393 3978
a 3393 3394 3978
a 3393 3395 14441
a 3395 3393 14441
a 7 1147 2275
a 1147 7 2275
a 3426 1160 1989
a 1160 3426 1989
a 3426 613 3047
a 613 3426 3047
a 3426 3427 882
a 3427 3426 882
a 3427 3428 3987
a 3428 3427 3987
a 3428 3429 7538
a 3429 3428 7538
a 3428 3399 2060
a 3399 3428 2060
a 3432 3433 400
a 3433 3432 400
a 3434 3432 12701
a 3432 3434 12701
a 3435 3436 3895
a 3436 3435 3895
a 3437 3435 9503
a 3435 3437 9503
a 3438 3439 3237
a 3439 3438 3237
a 3440 3438 8951
a 3438 3440 8951
a 3434 3441 6931
a 3441 3434 6931
a 3442 3434 2310
a 3434 3442 2310
a 3437 3434 3361
a 3434 3437 3361
a 3442 3438 2940
a 3438 3442 2940
a 3443 3442 3434
a 3442 3443 3434
a 3444 3442 2500
a 3442 3444 2500
a 3445 3437 4020
a 3437 3445 4020
a 3444 3443 3331
a 3443 3444 3331
a 3446 3443 2843
a 3443 3446 2843
a 3450 3447 1465
a 3447 3450 1465
a 3451 3452 1964
a 3452 3451 1964
a 3437 3453 1871
a 3453 3437 1871
a 3454 3445 1338
a 3445 3454 1338
a 3454 3451 8400
a 3451 3454 8400
a 3455 3454 859
a 3454 3455 859
a 3456 3454 2449
a 3454 3456 2449
a 3459 3460 2319
a 3460 3459 2319
a 3461 3462 3204
a 3462 3461 3204
a 3463 3460 6444
a 3460 3463 6444
a 3460 3464 5214
a 3464 3460 5214
a 3461 3450 4614
a 3450 3461 4614
a 3467 3461 859
a 3461 3467 859
a 3467 3463 3987
a 3463 3467 3987
a 3468 3467 7548
a 3467 3468 7548
a 3469 3463 3438
a 3463 3469 3438
a 3468 3470 6500
a 3470 3468 6500
a 3456 3468 6720
a 3468 3456 6720
a 3471 3470 3760
a 3470 3471 3760
a 3472 3471 2846
a 3471 3472 2846
a 3473 3471 3642
a 3471 3473 3642
a 3463 3474 3822
a 3474 3463 3822
a 3475 3476 1042
a 3476 3475 1042
a 3475 3477 1739
a 3477 3475 1739
a 3478 3475 4092
a 3475 3478 4092
a 3470 3478 3452
a 3478 3470 3452
a 3479 3472 1719
a 3472 3479 1719
a 3478 3480 1083
a 3480 3478 1083
a 3480 3481 2262
a 3481 3480 2262
a 3440 1211 1675
a 1211 3440 1675
a 1211 3484 5278
a 3484 1211 5278
a 3485 3440 3350
a 3440 3485 3350
a 3486 3444 3563
a 3444 3486 3563
a 3487 3486 2315
a 3486 3487 2315
a 3485 3487 2375
a 3487 3485 2375
a 3488 3485 5211
a 3485 3488 5211
a 3484 1213 1492
a 1213 3484 1492
a 3489 3484 1047
a 3484 3489 1047
a 3490 3489 2512
a 3489 3490 2512
a 1221 3489 5654
a 3489 1221 5654
a 3491 3490 5109
a 3490 3491 5109
a 3488 3492 1495
a 3492 3488 1495
a 3493 3488 2457
a 3488 3493 2457
a 3486 3446 5025
a 3446 3486 5025
a 3446 3455 1839
a 3455 3446 1839
a 3487 3494 7023
a 3494 3487 7023
a 3494 3495 3200
a 3495 3494 3200
a 3494 3456 2087
a 3456 3494 2087
a 3456 3473 5001
a 3473 3456 5001
a 3496 3493 3009
a 3493 3496 3009
a 3497 3498 3912
a 3498 3497 3912
a 3493 3497 4432
a 3497 3493 4432
a 3499 3497 2535
a 3497 3499 2535
a 3497 3500 1049
a 3500 3497 1049
a 3500 3501 1287
a 3501 3500 1287
a 3496 3499 3191
a 3499 3496 3191
a 3502 1222 5451
a 1222 3502 5451
a 3491 1221 2573
a 1221 3491 2573
a 3503 3491 2810
a 3491 3503 2810
a 3504 1222 3331
a 1222 3504 3331
a 3503 3504 1466
a 3504 3503 1466
a 3505 3504 8906
a 3504 3505 8906
a 3506 3491 1492
a 3491 3506 1492
a 3507 3503 1287
a 3503 3507 1287
a 3508 3509 2133
a 3509 3508 2133
a 3510 3507 8313
a 3507 3510 8313
a 1226 1219 6337
a 1219 1226 6337
a 3511 1219 1374
a 1219 3511 1374
a 3502 3511 1466
a 3511 3502 1466
a 3512 3511 5295
a 3511 3512 5295
a 3513 3502 2711
a 3502 3513 2711
a 3512 1226 3362
a 1226 3512 3362
a 1412 3512 3940
a 3512 1412 3940
a 3514 3513 2535
a 3513 3514 2535
a 3505 3513 2513
a 3513 3505 2513
a 3514 3512 1698
a 3512 3514 1698
a 3515 3514 882
a 3514 3515 882
a 3516 3515 1884
a 3515 3516 1884
a 3517 3518 3005
a 3518 3517 3005
a 3519 3516 2711
a 3516 3519 2711
a 3496 3506 3153
a 3506 3496 3153
a 3520 3496 1677
a 3496 3520 1677
a 3508 3520 3084
a 3520 3508 3084
a 3520 3521 2780
a 3521 3520 2780
a 3508 3522 3191
a 3522 3508 3191
a 3523 3508 6396
a 3508 3523 6396
a 3516 3505 2232
a 3505 3516 2232
a 3510 3505 2528
a 3505 3510 2528
a 3524 3510 5315
a 3510 3524 5315
a 3524 3519 1085
a 3519 3524 1085
a 3519 1414 5914
a 1414 3519 5914
a 3525 3524 2166
a 3524 3525 2166
a 3526 3524 5605
a 3524 3526 5605
a 3527 3523 833
a 3523 3527 833
a 3527 3510 2738
a 3510 3527 2738
a 3528 3527 3063
a 3527 3528 3063
a 3525 3529 888
a 3529 3525 888
a 3530 3531 2447
a 3531 3530 2447
a 3495 3532 5011
a 3532 3495 5011
a 3495 3533 2848
a 3533 3495 2848
a 3534 3533 4750
a 3533 3534 4750
a 3533 3473 2902
a 3473 3533 2902
a 3535 3534 3084
a 3534 3535 3084
a 3534 3536 1532
a 3536 3534 1532
a 3501 3535 2786
a 3535 3501 2786
a 3535 3537 2369
a 3537 3535 2369
a 3501 3538 2736
a 3538 3501 2736
a 3537 3539 3563
a 3539 3537 3563
a 3537 3540 1287
a 3540 3537 1287
a 3539 3541 1871
a 3541 3539 1871
a 3538 3540 2457
a 3540 3538 2457
a 3538 3542 1005
a 3542 3538 1005
a 3539 3479 8906
a 3479 3539 8906
a 3479 3543 2846
a 3543 3479 2846
a 3544 3545 11603
a 3545 3544 11603
a 3542 3544 2573
a 3544 3542 2573
a 3544 3547 1466
a 3547 3544 1466
a 3551 3552 454
a 3552 3551 454
a 3523 3556 2320
a 3556 3523 2320
a 3531 3557 1886
a 3557 3531 1886
a 3551 3558 2265
a 6 5 1935
a 2 1 2008
a 1 2 2008
a 7 8 3828
a 5 6 1935
a 8 7 3828
a 1 12 2105
a 12 1 2105
a 2 13 1478
a 13 2 1478
a 29 30 1295
a 30 29 1295
a 29 42 2686
a 42 29 2686
a 2 48 1541
a 48 2 1541
a 577 578 10763
a 578 577 10763
a 578 579 5693
a 579 578 5693
a 586 587 11434
a 587 586 11434
a 588 589 7107
a 589 588 7107
a 579 590 1697
a 590 579 1697
a 591 590 1781
a 590 591 1781
a 591 579 1739
a 579 591 1739
a 590 592 1567
a 592 590 1567
a 592 593 13649
a 593 592 13649
a 592 588 838
a 588 592 838
a 588 594 1964
a 594 588 1964
a 594 595 13384
a 595 594 13384
a 596 586 6311
a 586 596 6311
a 597 586 8456
a 586 597 8456
a 598 596 5156
a 596 598 5156
a 587 591 7847
a 591 587 7847
a 587 599 6791
a 599 587 6791
a 596 600 7295
a 600 596 7295
a 600 601 4156
a 601 600 4156
a 600 602 4737
a 602 600 4737
a 586 612 5002
a 612 586 5002
a 602 613 14085
a 613 602 14085
a 602 614 5989
a 614 602 5989
a 615 614 7292
a 614 615 7292
a 616 615 1524
a 615 616 1524
a 663 660 15777
a 660 663 15777
a 674 663 4761
a 663 674 4761
a 677 663 10540
a 663 677 10540
a 694 689 2578
a 689 694 2578
a 694 699 1677
a 699 694 1677
a 695 705 10097
a 705 695 10097
a 706 705 5555
a 705 706 5555
a 705 707 8357
a 707 705 8357
a 708 709 2281
a 709 708 2281
a 710 708 251
a 708 710 251
a 711 712 2647
a 712 711 2647
a 713 711 2578
a 711 713 2578
a 706 714 5800
a 714 706 5800
a 711 706 2535
a 706 711 2535
a 715 716 6142
a 716 715 6142
a 717 695 1904
a 695 717 1904
a 717 718 2809
a 718 717 2809
a 719 720 2511
a 720 719 2511
a 718 694 6096
a 694 718 6096
a 719 718 2721
a 718 719 2721
a 721 719 2573
a 719 721 2573
a 722 723 4064
a 723 722 4064
a 713 724 2112
a 724 713 2112
a 725 713 2778
a 713 725 2778
a 726 725 3912
a 725 726 3912
a 726 727 3415
a 727 726 3415
a 728 729 1783
a 729 728 1783
a 716 730 1405
a 730 716 1405
a 731 716 2093
a 716 731 2093
a 725 732 2527
a 732 725 2527
a 728 721 628
a 721 728 628
a 721 722 4297
a 722 721 4297
a 733 728 4680
a 728 733 4680
a 722 734 6957
a 734 722 6957
a 735 736 2019
a 736 735 2019
a 736 737 3345
a 737 736 3345
a 736 738 2512
a 738 736 2512
a 702 741 2262
a 741 702 2262
a 741 743 933
a 743 741 933
a 743 744 2798
a 744 743 2798
a 743 745 1083
a 745 743 1083
a 746 747 2900
a 747 746 2900
a 744 746 2786
a 746 744 2786
a 746 748 4304
a 748 746 4304
a 749 672 3213
a 672 749 3213
a 751 752 503
a 752 751 503
a 752 753 2119
a 753 752 2119
a 749 751 1392
a 751 749 1392
a 677 749 1880
a 749 677 1880
a 754 677 3940
a 677 754 3940
a 755 677 5383
a 677 755 5383
a 756 757 5344
a 757 756 5344
a 758 759 3731
a 759 758 3731
a 752 756 3929
a 756 752 3929
a 756 760 3530
a 760 756 3530
a 761 762 594
a 762 761 594
a 762 763 2553
a 763 762 2553
a 764 762 3560
a 762 764 3560
a 763 765 3824
a 765 763 3824
a 758 766 882
a 766 758 882
a 760 758 2223
a 758 760 2223
a 764 760 2786
a 760 764 2786
a 763 767 1698
a 767 763 1698
a 768 764 628
a 764 768 628
a 769 768 2369
a 768 769 2369
a 744 770 2560
a 770 744 2560
a 734 771 5846
a 771 734 5846
a 734 772 2528
a 772 734 2528
a 773 772 3666
a 772 773 3666
a 771 773 4611
a 773 771 4611
a 774 746 3372
a 746 774 3372
a 775 776 1667
a 776 775 1667
a 777 775 5660
a 775 777 5660
a 778 775 3169
a 775 778 3169
a 772 735 3357
a 735 772 3357
a 779 735 7058
a 735 779 7058
a 773 780 3590
a 780 773 3590
a 781 774 7347
a 774 781 7347
a 782 783 669
a 783 782 669
a 784 781 2500
a 781 784 2500
a 785 786 4405
a 786 785 4405
a 782 787 1719
a 787 782 1719
a 788 782 4196
a 782 788 4196
a 784 774 6909
a 774 784 6909
a 789 784 1276
a 784 789 1276
a 789 790 2567
a 790 789 2567
a 791 789 2303
a 789 791 2303
a 790 776 6025
a 776 790 6025
a 792 790 1945
a 790 792 1945
a 777 792 1405
a 792 777 1405
a 792 793 1698
a 793 792 1698
a 794 777 2898
a 777 794 2898
a 791 793 4761
a 793 791 4761
a 793 795 1047
a 795 793 1047
a 778 796 2983
a 796 778 2983
a 794 778 3361
a 778 794 3361
a 797 794 1005
a 794 797 1005
a 798 794 4052
a 794 798 4052
a 799 797 8448
a 797 799 8448
a 798 800 3479
a 800 798 3479
a 798 801 5746
a 801 798 5746
a 802 800 838
a 800 802 838
a 800 801 4515
a 801 800 4515
a 803 802 1567
a 802 803 1567
a 801 769 4172
a 769 801 4172
a 804 769 4680
a 769 804 4680
a 805 806 4017
a 806 805 4017
a 807 808 6917
a 808 807 6917
a 807 803 4092
a 803 807 4092
a 803 809 9253
a 809 803 9253
a 810 811 4214
a 811 810 4214
a 812 813 4475
a 813 812 4475
a 814 815 3362
a 815 814 3362
a 816 810 6182
a 810 816 6182
a 891 754 2310
a 754 891 2310
a 892 754 11357
a 754 892 11357
a 896 897 1185
a 897 896 1185
a 765 898 1338
a 898 765 1338
a 898 899 1781
a 899 898 1781
a 898 900 1905
a 900 898 1905
a 896 755 1188
a 755 896 1188
a 901 755 1566
a 755 901 1566
a 901 902 3056
a 902 901 3056
a 903 902 3571
a 902 903 3571
a 904 892 3437
a 892 904 3437
a 894 904 3190
a 904 894 3190
a 906 901 763
a 901 906 763
a 904 896 7880
a 896 904 7880
a 900 918 3612
a 918 900 3612
a 902 900 3898
a 900 902 3898
a 903 804 5849
a 804 903 5849
a 919 920 1269
a 920 919 1269
a 921 809 1765
a 809 921 1765
a 922 923 3340
a 923 922 3340
a 924 906 417
a 906 924 417
a 925 924 858
a 924 925 858
a 906 903 4630
a 903 906 4630
a 925 926 2655
a 926 925 2655
a 927 925 1229
a 925 927 1229
a 928 929 2606
a 929 928 2606
a 923 930 933
a 930 923 933
a 930 919 4986
a 919 930 4986
a 921 931 2578
a 931 921 2578
a 811 921 1182
a 921 811 1182
a 932 811 5715
a 811 932 5715
a 933 934 1389
a 934 933 1389
a 935 933 2578
a 933 935 2578
a 936 933 3590
a 933 936 3590
a 935 923 2320
a 923 935 2320
a 936 935 2573
a 935 936 2573
a 937 938 503
a 938 937 503
a 939 937 2188
a 937 939 2188
a 937 940 6396
a 940 937 6396
a 941 936 3931
a 936 941 3931
a 939 942 1622
a 942 939 1622
a 943 939 3396
a 939 943 3396
a 944 928 2520
a 928 944 2520
a 945 946 833
a 946 945 833
a 928 945 2513
a 945 928 2513
a 947 945 4764
a 945 947 4764
a 948 944 1268
a 944 948 1268
a 949 948 1355
a 948 949 1355
a 947 944 2528
a 944 947 2528
a 919 927 1129
a 927 919 1129
a 952 949 6608
a 949 952 6608
a 953 954 2736
a 954 953 2736
a 955 953 3666
a 953 955 3666
a 953 956 4197
a 956 953 4197
a 955 947 5301
a 947 955 5301
a 957 955 1389
a 955 957 1389
a 957 948 7377
a 948 957 7377
a 958 957 695
a 957 958 695
a 959 958 430
a 958 959 430
a 959 949 6587
a 949 959 6587
a 960 959 430
a 959 960 430
a 961 960 1392
a 960 961 1392
a 962 960 4297
a 960 962 4297
a 963 961 1698
a 961 963 1698
a 961 964 2567
a 964 961 2567
a 970 971 3363
a 971 970 3363
a 971 972 2117
a 972 971 2117
a 972 970 3355
a 970 972 3355
a 973 974 1257
a 974 973 1257
a 973 975 2457
a 975 973 2457
a 976 973 3351
a 973 976 3351
a 981 975 2044
a 975 981 2044
a 983 975 2932
a 975 983 2932
a 984 981 1965
a 981 984 1965
a 984 985 1044
a 985 984 1044
a 986 987 3697
a 987 986 3697
a 986 979 1182
a 979 986 1182
a 988 986 2516
a 986 988 2516
a 988 979 3697
a 979 988 3697
a 987 988 1182
a 988 987 1182
a 992 993 1609
a 993 992 1609
a 992 970 1287
a 970 992 1287
a 993 992 1609
a 992 993 1609
a 976 983 2663
a 983 976 2663
a 993 994 696
a 994 993 696
a 995 976 2558
a 976 995 2558
a 995 996 1451
a 996 995 1451
a 996 987 6958
a 987 996 6958
a 997 996 1110
a 996 997 1110
a 994 995 312
a 995 994 312
a 998 994 280
a 994 998 280
a 998 999 2844
a 999 998 2844
a 952 1000 2008
a 1000 952 2008
a 1001 952 3400
a 952 1001 3400
a 1002 952 1225
a 952 1002 1225
a 1001 1002 3334
a 1002 1001 3334
a 1000 998 1631
a 998 1000 1631
a 1003 1000 2690
a 1000 1003 2690
a 999 1004 1182
a 1004 999 1182
a 997 1005 2363
a 1005 997 2363
a 1006 1007 3141
a 1007 1006 3141
a 1003 999 3479
a 999 1003 3479
a 1008 1003 2779
a 1003 1008 2779
a 1008 1001 1989
a 1001 1008 1989
a 1009 1001 3850
a 1001 1009 3850
a 1010 1008 5018
a 1008 1010 5018
a 983 984 3010
a 984 983 3010
a 1011 997 1505
a 997 1011 1505
a 1011 1018 1374
a 1018 1011 1374
a 1019 1020 1068
a 1020 1019 1068
a 1021 1022 1005
a 1022 1021 1005
a 1023 1021 3558
a 1021 1023 3558
a 1006 1011 3245
a 1011 1006 3245
a 1010 1006 3697
a 1006 1010 3697
a 1024 1010 2708
a 1010 1024 2708
a 1025 1021 3437
a 1021 1025 3437
a 1026 1025 3400
a 1025 1026 3400
a 1027 1023 833
a 1023 1027 833
a 1032 1033 594
a 1033 1032 594
a 1033 1034 5262
a 1034 1033 5262
a 1035 552 430
a 552 1035 430
a 1036 1035 638
a 1035 1036 638
a 1037 1036 840
a 1036 1037 840
a 597 1038 2166
a 1038 597 2166
a 709 1037 1846
a 1037 709 1846
a 1039 1037 1131
a 1037 1039 1131
a 1033 1039 565
a 1039 1033 565
a 714 1032 1155
a 1032 714 1155
a 715 714 1131
a 714 715 1131
a 731 715 2691
a 715 731 2691
a 1037 1040 1896
a 1040 1037 1896
a 1034 1041 5205
a 1041 1034 5205
a 1040 597 335
a 597 1040 335
a 1042 1043 3497
a 1043 1042 3497
a 733 731 5140
a 731 733 5140
a 1044 1045 3490
a 1045 1044 3490
a 1042 1046 10499
a 1046 1042 10499
a 733 1047 3463
a 1047 733 3463
a 1044 1048 5284
a 1048 1044 5284
a 1049 733 1542
a 733 1049 1542
a 1050 1049 1116
a 1049 1050 1116
a 1049 1051 6791
a 1051 1049 6791
a 1050 1052 5506
a 1052 1050 5506
a 1053 1050 972
a 1050 1053 972
a 1051 1054 7370
a 1054 1051 7370
a 1054 1055 653
a 1055 1054 653
a 1052 1056 1405
a 1056 1052 1405
a 1051 1057 348
a 1057 1051 348
a 1057 1052 2087
a 1052 1057 2087
a 1057 1058 3053
a 1058 1057 3053
a 1059 1060 6866
a 1060 1059 6866
a 1058 1059 2662
a 1059 1058 2662
a 1034 1061 6790
a 1061 1034 6790
a 1062 1063 2260
a 1063 1062 2260
a 1046 1064 3840
a 1064 1046 3840
a 1062 1065 2864
a 1065 1062 2864
a 1046 1066 5452
a 1066 1046 5452
a 1059 1067 3694
a 1067 1059 3694
a 1068 1067 4489
a 1067 1068 4489
a 1060 1069 933
a 1069 1060 933
a 1067 1060 3261
a 1060 1067 3261
a 1066 1070 7370
a 1070 1066 7370
a 1066 1071 2944
a 1071 1066 2944
a 1072 1071 10679
a 1071 1072 10679
a 1070 1073 2112
a 1073 1070 2112
a 1074 1070 3559
a 1070 1074 3559
a 1075 1076 1520
a 1076 1075 1520
a 1075 1077 3854
a 1077 1075 3854
a 1078 1075 5512
a 1075 1078 5512
a 1079 1078 8982
a 1078 1079 8982
a 779 1053 695
a 1053 779 695
a 1053 1056 5241
a 1056 1053 5241
a 1080 779 1250
a 779 1080 1250
a 785 1080 417
a 1080 785 417
a 1080 1081 5250
a 1081 1080 5250
a 788 785 1667
a 785 788 1667
a 1082 1083 2722
a 1083 1082 2722
a 1056 1082 2223
a 1082 1056 2223
a 1082 1084 1667
a 1084 1082 1667
a 1085 1086 1445
a 1086 1085 1445
a 1087 788 1532
a 788 1087 1532
a 1087 791 3570
a 791 1087 3570
a 1088 1087 840
a 1087 1088 840
a 1089 1088 702
a 1088 1089 702
a 1090 1089 430
a 1089 1090 430
a 795 1090 5055
a 1090 795 5055
a 805 1090 1670
a 1090 805 1670
a 1088 1091 2449
a 1091 1088 2449
a 1091 1092 2363
a 1092 1091 2363
a 1093 1092 6958
a 1092 1093 6958
a 1092 1094 4726
a 1094 1092 4726
a 1058 1068 3987
a 1068 1058 3987
a 1095 1096 1389
a 1096 1095 1389
a 1097 1095 4064
a 1095 1097 4064
a 1091 1085 4014
a 1085 1091 4014
a 1085 1098 2435
a 1098 1085 2435
a 1092 1098 3678
a 1098 1092 3678
a 1094 1098 5572
a 1098 1094 5572
a 1098 1095 4680
a 1095 1098 4680
a 1099 1100 6444
a 1100 1099 6444
a 1100 1101 3932
a 1101 1100 3932
a 799 805 1250
a 805 799 1250
a 1102 799 702
a 799 1102 702
a 1102 807 4224
a 807 1102 4224
a 1103 1102 1739
a 1102 1103 1739
a 1104 1093 4796
a 1093 1104 4796
a 1093 1105 1698
a 1105 1093 1698
a 1104 1103 2736
a 1103 1104 2736
a 814 1103 1560
a 1103 814 1560
a 1106 1104 3015
a 1104 1106 3015
a 1107 814 1116
a 814 1107 1116
a 816 812 1131
a 812 816 1131
a 812 1107 297
a 1107 812 297
a 1107 1108 3048
a 1108 1107 3048
a 932 816 1289
a 816 932 1289
a 1108 1109 2834
a 1109 1108 2834
a 1105 1110 3331
a 1110 1105 3331
a 1105 1094 4417
a 1094 1105 4417
a 1106 1110 5211
a 1110 1106 5211
a 1110 1099 1765
a 1099 1110 1765
a 1099 1111 3364
a 1111 1099 3364
a 1108 1106 5218
a 1106 1108 5218
a 1109 1112 1679
a 1112 1109 1679
a 1113 1114 3105
a 1114 1113 3105
a 1115 1112 2223
a 1112 1115 2223
a 1112 1116 8196
a 1116 1112 8196
a 1117 1118 5695
a 1118 1117 5695
a 1068 1119 5661
a 1119 1068 5661
a 1097 1120 3642
a 1120 1097 3642
a 1119 1079 4630
a 1079 1119 4630
a 1100 1097 7370
a 1097 1100 7370
a 1111 1101 5109
a 1101 1111 5109
a 1101 1121 3192
a 1121 1101 3192
a 1122 1123 2176
a 1123 1122 2176
a 1101 1124 3357
a 1124 1101 3357
a 1124 1125 5058
a 1125 1124 5058
a 1119 1126 3047
a 1126 1119 3047
a 1079 1127 5759
a 1127 1079 5759
a 1122 1128 1374
a 1128 1122 1374
a 1129 1128 10221
a 1128 1129 10221
a 1124 1122 4283
a 1122 1124 4283
a 1128 1127 2983
a 1127 1128 2983
a 1127 1130 3514
a 1130 1127 3514
a 1131 1111 9994
a 1111 1131 9994
a 1132 1133 1719
a 1133 1132 1719
a 1132 1134 2647
a 1134 1132 2647
a 1117 1132 4797
a 1132 1117 4797
a 1135 1131 1111
a 1131 1135 1111
a 1131 1136 6843
a 1136 1131 6843
a 1135 1117 2945
a 1117 1135 2945
a 1137 1135 2509
a 1135 1137 2509
a 1138 1137 3360
a 1137 1138 3360
a 1137 1139 6084
a 1139 1137 6084
a 1111 1140 5572
a 1140 1111 5572
a 1136 1141 3360
a 1141 1136 3360
a 1136 1142 1492
a 1142 1136 1492
a 1143 1144 3536
a 1144 1143 3536
a 1145 1146 9359
a 1146 1145 9359
a 1147 598 3978
a 598 1147 3978
a 1148 7 5849
a 7 1148 5849
a 1145 1148 6489
a 1148 1145 6489
a 1148 1072 4489
a 1072 1148 4489
a 1148 1149 6903
a 1149 1148 6903
a 1150 1078 3778
a 1078 1150 3778
a 1150 29 1649
a 29 1150 1649
a 1151 1150 14182
a 1150 1151 14182
a 30 1152 2500
a 1152 30 2500
a 1153 1072 12977
a 1072 1153 12977
a 1154 1153 10914
a 1153 1154 10914
a 598 1155 10290
a 1155 598 10290
a 1147 1156 9413
a 1156 1147 9413
a 1149 1157 3897
a 1157 1149 3897
a 1158 1159 3120
a 1159 1158 3120
a 1149 1158 4534
a 1158 1149 4534
a 1160 616 3389
a 616 1160 3389
a 613 1161 2798
a 1161 613 2798
a 1161 1162 3820
a 1162 1161 3820
a 1161 1163 2783
a 1163 1161 2783
a 1158 1164 3608
a 1164 1158 3608
a 1165 1166 1680
a 1166 1165 1680
a 1167 1165 2320
a 1165 1167 2320
a 1168 1165 6144
a 1165 1168 6144
a 1165 1169 3152
a 1169 1165 3152
a 1170 1171 1865
a 1171 1170 1865
a 1172 1173 6827
a 1173 1172 6827
a 1130 1174 3847
a 1174 1130 3847
a 1130 1151 2435
a 1151 1130 2435
a 1172 1151 1905
a 1151 1172 1905
a 1129 1175 3812
a 1175 1129 3812
a 1176 1172 5612
a 1172 1176 5612
a 1174 1129 2969
a 1129 1174 2969
a 1174 1177 4877
a 1177 1174 4877
a 1178 1154 4764
a 1154 1178 4764
a 1176 1178 1451
a 1178 1176 1451
a 1177 1176 4028
a 1176 1177 4028
a 1179 1177 4691
a 1177 1179 4691
a 1178 1180 3189
a 1180 1178 3189
a 1181 1182 4920
a 1182 1181 4920
a 1183 1181 2705
a 1181 1183 2705
a 1182 1179 9907
a 1179 1182 9907
a 1184 1185 3350
a 1185 1184 3350
a 1182 1186 4848
a 1186 1182 4848
a 1186 1187 3930
a 1187 1186 3930
a 1188 1167 6144
a 1167 1188 6144
a 1188 1154 4475
a 1154 1188 4475
a 1168 1188 2320
a 1188 1168 2320
a 1189 1168 837
a 1168 1189 837
a 1190 1189 2535
a 1189 1190 2535
a 1191 1189 3140
a 1189 1191 3140
a 1169 1192 1945
a 1192 1169 1945
a 1192 1193 833
a 1193 1192 833
a 1193 1194 1083
a 1194 1193 1083
a 1193 1191 3063
a 1191 1193 3063
a 1190 1180 6111
a 1180 1190 6111
a 1195 1190 2786
a 1190 1195 2786
a 1196 1191 3873
a 1191 1196 3873
a 1198 1199 278
a 1199 1198 278
a 1199 1184 5283
a 1184 1199 5283
a 1180 1195 5653
a 1195 1180 5653
a 1200 1195 2658
a 1195 1200 2658
a 1201 1200 1690
a 1200 1201 1690
a 1202 1201 2111
a 1201 1202 2111
a 1203 1202 3570
a 1202 1203 3570
a 5 1204 4801
a 1204 5 4801
a 1205 1196 1765
a 1196 1205 1765
a 1206 1196 2902
a 1196 1206 2902
a 1170 1192 4535
a 1192 1170 4535
a 1207 1208 1680
a 1208 1207 1680
a 1209 1207 1405
a 1207 1209 1405
a 1209 1207 1405
a 1207 1209 1405
a 1205 1210 5283
a 1210 1205 5283
a 1211 1205 2094
a 1205 1211 2094
a 1211 1209 3937
a 1209 1211 3937
a 1195 1190 2786
a 1190 1195 2786
a 1210 1212 5938
a 1212 1210 5938
a 1213 1210 882
a 1210 1213 882
a 1214 1213 5344
a 1213 1214 5344
a 1203 1184 2931
a 1184 1203 2931
a 1186 1215 7538
a 1215 1186 7538
a 1216 1203 7332
a 1203 1216 7332
a 1187 1217 2320
a 1217 1187 2320
a 1215 1187 6438
a 1187 1215 6438
a 1215 1216 2843
a 1216 1215 2843
a 1218 1216 7574
a 1216 1218 7574
a 5 1219 8456
a 1219 5 8456
a 1181 1220 5513
a 1220 1181 5513
a 5 1214 3361
a 1214 5 3361
a 1221 1214 2722
a 1214 1221 2722
a 1214 1222 3494
a 1222 1214 3494
a 1223 1224 4465
a 1224 1223 4465
a 1225 1226 3760
a 1226 1225 3760
a 1227 932 3479
a 932 1227 3479
a 1227 1228 5214
a 1228 1227 5214
a 941 1227 2232
a 1227 941 2232
a 1229 1228 7660
a 1228 1229 7660
a 1230 941 1667
a 941 1230 1667
a 953 943 1289
a 943 953 1289
a 943 1230 466
a 1230 943 466
a 1230 1231 4214
a 1231 1230 4214
a 1231 1234 1760
a 1234 1231 1760
a 956 1231 2375
a 1231 956 2375
a 1231 1235 5510
a 1235 1231 5510
a 1236 1113 1163
a 1113 1236 1163
a 1228 1236 2200
a 1236 1228 2200
a 1237 1236 6305
a 1236 1237 6305
a 1238 1115 5357
a 1115 1238 5357
a 1229 1237 2778
a 1237 1229 2778
a 1239 1237 5235
a 1237 1239 5235
a 1235 1240 1921
a 1240 1235 1921
a 1240 1241 2385
a 1241 1240 2385
a 1242 1241 2711
a 1241 1242 2711
a 956 1235 6436
a 1235 956 6436
a 958 1243 2932
a 1243 958 2932
a 1243 1244 1698
a 1244 1243 1698
a 963 1243 3056
a 1243 963 3056
a 1245 1244 1680
a 1244 1245 1680
a 964 963 1667
a 963 964 1667
a 1246 963 2371
a 963 1246 2371
a 962 964 5295
a 964 962 5295
a 1246 1245 2310
a 1245 1246 2310
a 1247 1246 15521
a 1246 1247 15521
a 1245 1248 1494
a 1248 1245 1494
a 1249 1246 2750
a 1246 1249 2750
a 1249 1250 5849
a 1250 1249 5849
a 1251 1252 2304
a 1252 1251 2304
a 1253 1252 6720
a 1252 1253 6720
a 1251 1254 1111
a 1254 1251 1111
a 1255 1251 5927
a 1251 1255 5927
a 1256 1257 2535
a 1257 1256 2535
a 1256 1258 4096
a 1258 1256 4096
a 1259 1256 1277
a 1256 1259 1277
a 1260 1261 3251
a 1261 1260 3251
a 1260 1259 839
a 1259 1260 839
a 1261 1262 770
a 1262 1261 770
a 1261 1263 1006
a 1263 1261 1006
a 1259 1249 3514
a 1249 1259 3514
a 1253 1260 1840
a 1260 1253 1840
a 1255 1253 2648
a 1253 1255 2648
a 1238 1115 5357
a 1115 1238 5357
a 1116 1238 2112
a 1238 1116 2112
a 1138 1116 2303
a 1116 1138 2303
a 1264 1138 1389
a 1138 1264 1389
a 1239 1264 1389
a 1264 1239 1389
a 1265 1239 2535
a 1239 1265 2535
a 1265 1229 5661
a 1229 1265 5661
a 1266 1265 5426
a 1265 1266 5426
a 1267 1242 2648
a 1242 1267 2648
a 1267 1268 6060
a 1268 1267 6060
a 1241 1269 5508
a 1269 1241 5508
a 1269 1267 2061
a 1267 1269 2061
a 1270 1265 2166
a 1265 1270 2166
a 1270 1266 5894
a 1266 1270 5894
a 1143 1264 7543
a 1264 1143 7543
a 1271 1270 2528
a 1270 1271 2528
a 1272 1271 1675
a 1271 1272 1675
a 1273 1271 7782
a 1271 1273 7782
a 1274 1143 5389
a 1143 1274 5389
a 1275 1272 2513
a 1272 1275 2513
a 1276 1272 7734
a 1272 1276 7734
a 1277 1266 2044
a 1266 1277 2044
a 1277 1269 2450
a 1269 1277 2450
a 1278 1277 1956
a 1277 1278 1956
a 1279 1278 2500
a 1278 1279 2500
a 1280 1278 11311
a 1278 1280 11311
a 1273 1277 2945
a 1277 1273 2945
a 1281 1242 8154
a 1242 1281 8154
a 1282 1281 1968
a 1281 1282 1968
a 1283 1282 1968
a 1282 1283 1968
a 1284 1283 1044
a 1283 1284 1044
a 1285 1284 1885
a 1284 1285 1885
a 1282 1255 3453
a 1255 1282 3453
a 1286 1279 2902
a 1279 1286 2902
a 1287 1288 6684
a 1288 1287 6684
a 1286 1289 3362
a 1289 1286 3362
a 1290 1285 3142
a 1285 1290 3142
a 1290 1286 3010
a 1286 1290 3010
a 1291 1290 628
a 1290 1291 628
a 1291 1292 4156
a 1292 1291 4156
a 1293 1291 1527
a 1291 1293 1527
a 1294 1293 1005
a 1293 1294 1005
a 1295 1296 1721
a 1296 1295 1721
a 1297 1298 8611
a 1298 1297 8611
a 1298 1299 6329
a 1299 1298 6329
a 1294 1295 3636
a 1295 1294 3636
a 1300 1294 2254
a 1294 1300 2254
a 1295 1301 1719
a 1301 1295 1719
a 1302 1295 2113
a 1295 1302 2113
a 1002 962 1584
a 962 1002 1584
a 1303 1304 2647
a 1304 1303 2647
a 1009 1305 2848
a 1305 1009 2848
a 1307 1308 7064
a 1308 1307 7064
a 1024 1025 2690
a 1025 1024 2690
a 1309 1024 3697
a 1024 1309 3697
a 1026 1023 2370
a 1023 1026 2370
a 1309 1026 3057
a 1026 1309 3057
a 1310 1309 3201
a 1309 1310 3201
a 1019 1311 1186
a 1311 1019 1186
a 1312 1009 12216
a 1009 1312 12216
a 1310 1019 5980
a 1019 1310 5980
a 1315 1310 1678
a 1310 1315 1678
a 1316 1315 2783
a 1315 1316 2783
a 1312 1317 9026
a 1317 1312 9026
a 1318 1312 1740
a 1312 1318 1740
a 1315 1319 2362
a 1319 1315 2362
a 1319 1318 2570
a 1318 1319 2570
a 1320 1318 3262
a 1318 1320 3262
a 1321 1316 2117
a 1316 1321 2117
a 1319 1322 4417
a 1322 1319 4417
a 1323 1019 6328
a 1019 1323 6328
a 1324 1321 2061
a 1321 1324 2061
a 1325 1285 3489
a 1285 1325 3489
a 1326 1321 2553
a 1321 1326 2553
a 1308 1299 3220
a 1299 1308 3220
a 1299 1331 12643
a 1331 1299 12643
a 1332 1333 1131
a 1333 1332 1131
a 1331 1334 1829
a 1334 1331 1829
a 1316 1320 5195
a 1320 1316 5195
a 1335 1320 2117
a 1320 1335 2117
a 1317 1331 1278
a 1331 1317 1278
a 1336 1317 2262
a 1317 1336 2262
a 1321 1335 5195
a 1335 1321 5195
a 1337 1335 2117
a 1335 1337 2117
a 1326 1337 4928
a 1337 1326 4928
a 1338 1337 3304
a 1337 1338 3304
a 1318 1336 8193
a 1336 1318 8193
a 1341 1336 2810
a 1336 1341 2810
a 1342 1343 883
a 1343 1342 883
a 1344 1343 3494
a 1343 1344 3494
a 1320 1341 6501
a 1341 1320 6501
a 1345 1341 2509
a 1341 1345 2509
a 1341 1346 2370
a 1346 1341 2370
a 1346 1347 5018
a 1347 1346 5018
a 1346 1344 1287
a 1344 1346 1287
a 1348 1349 4446
a 1349 1348 4446
a 1335 1345 5764
a 1345 1335 5764
a 1350 1345 2223
a 1345 1350 2223
a 1337 1350 4889
a 1350 1337 4889
a 1350 1347 2529
a 1347 1350 2529
a 1347 1351 1338
a 1351 1347 1338
a 1348 1351 2264
a 1351 1348 2264
a 1351 1352 11114
a 1352 1351 11114
a 1183 1353 2227
a 1353 1183 2227
a 1354 1275 2209
a 1275 1354 2209
a 1274 1183 2760
a 1183 1274 2760
a 1355 1274 2778
a 1274 1355 2778
a 1356 1354 5619
a 1354 1356 5619
a 1276 1273 3362
a 1273 1276 3362
a 1356 1276 2513
a 1276 1356 2513
a 1357 1356 2574
a 1356 1357 2574
a 1354 1355 2369
a 1355 1354 2369
a 1358 1355 4567
a 1355 1358 4567
a 1357 1358 2223
a 1358 1357 2223
a 1359 1357 594
a 1357 1359 594
a 1280 1359 1667
a 1359 1280 1667
a 1360 1361 5079
a 1361 1360 5079
a 1355 1360 3396
a 1360 1355 3396
a 1362 1360 1131
a 1360 1362 1131
a 1363 1 6070
a 1 1363 6070
a 1358 1363 2945
a 1363 1358 2945
a 1364 1363 2736
a 1363 1364 2736
a 1364 1365 4352
a 1365 1364 4352
a 1364 1366 1287
a 1366 1364 1287
a 1367 1359 6230
a 1359 1367 6230
a 1368 1367 6112
a 1367 1368 6112
a 1367 1366 4028
a 1366 1367 4028
a 1366 1369 838
a 1369 1366 838
a 1369 1370 5097
a 1370 1369 5097
a 1371 1372 4406
a 1372 1371 4406
a 1287 1280 2500
a 1280 1287 2500
a 1371 1287 3056
a 1287 1371 3056
a 1373 1371 2778
a 1371 1373 2778
a 1374 1373 1111
a 1373 1374 1111
a 1300 1302 3085
a 1302 1300 3085
a 1375 1300 2371
a 1300 1375 2371
a 1302 1376 2223
a 1376 1302 2223
a 1377 1375 1369
a 1375 1377 1369
a 1376 1378 1405
a 1378 1376 1405
a 1378 1332 3957
a 1332 1378 3957
a 1376 1379 1698
a 1379 1376 1698
a 1380 1378 2690
a 1378 1380 2690
a 1381 1377 2806
a 1377 1381 2806
a 1374 1375 2677
a 1375 1374 2677
a 1382 1374 1111
a 1374 1382 1111
a 1383 1382 2500
a 1382 1383 2500
a 1384 1382 3351
a 1382 1384 3351
a 1381 1383 1667
a 1383 1381 1667
a 1385 1381 1680
a 1381 1385 1680
a 1386 1385 5557
a 1385 1386 5557
a 1387 1385 3085
a 1385 1387 3085
a 1388 1368 3636
a 1368 1388 3636
a 1368 1389 3571
a 1389 1368 3571
a 1390 1384 1389
a 1384 1390 1389
a 1391 1384 2094
a 1384 1391 2094
a 1391 1388 1131
a 1388 1391 1131
a 1392 1388 2370
a 1388 1392 2370
a 1393 1391 2232
a 1391 1393 2232
a 1393 1394 1860
